51020200050462
51020200011936
51020200056444
51020200054779
51020200064133
51020200057749
51020200064950
51020200060701
51020200066336
51020200067128
51020200051304
51020200077911
51020200030183
51020200079818
51020200051304
51020200056303
51020200077762
51020200074611
51020200065494
51020200088686
51020200055495
51020200087381
51020200078737
51020200063093
51020200028096
51020200018162
51020200056170
51020200082226
51020200057806
51020200059463
51020200066351
51020200048037
51020200082663
51020200027403
51020200090294
51020200090294
51020200084230
51020200083356
51020200085484
51020200083034
51020200037824
51020200061972
51020200068282
51020200089957
51020200079636
51020200095699
51020200089171
51020200054514
51020200096093
51020200072847
51020200043301
51020200085963
51020200087316
51020200027973
51020200062947
51020200104004
51020200079826
51020200074066
51020200085609
51020200084164
51020200111470
51020200091607
51020200090682
51020200081343
51020200048177
51020200067474
51020200094908
51020200099881
51020200069348
51020200108112
51020200111850
51020200097752
51020200066112
51020200093686
51020200063176
51020200096093
51020200097034
51020200113237
51020200033906
51020200113351
51020200061543
51020200054084
51020200115158
51020200113245
51020200062616
51020200111694
51020200120018
51020200115844
51020200114599
51020200094551
51020200127203
51020200125959
51020200127948
51020200111744
51020200099212
51020200119390
51020200095541
51020200120554
51020200115497
51020200077242
51020200110993
51020200028310
51020200109888
51020200069066
51020200125835
51020200099683
51020200126163
51020200065890
51020200113542
51020200130454
51020200113559
51020200068860
51020200116271
51020200027056
51020200120018
51020200035232
51020200113534
51020200054084
51020200087787
51020200112643
51020200098941
51020300002173
51020200119903
51020200125835
51020300002991
51020200121958
51020200121446
51020200026959
51020200041248
51020200128920
51020200121917
51020200132906


































































































































































































































































































































































































































































































































































































































































































































































































































































