51020200055453
51020200088587
51020200037824
51020200079644
51020200094445
51020200037949
51020200007462
51020200056170
51020300000508
51020200049654
51020200048524
51020200085179
51020200085484
51020200083034
51020200090294
51020200085492
51020200030183
51020200064950
51020200056303
51020200062335
51020200083356
51020200087381
51020200061972
51020200057806
51020200063978
51020200040323
51020200059497
51020300000375
51020200065023
51020200066336
51020200040794
51020200049373
51020200055495
51020200045660
51020200065494
51020200050181
51020200055040
51020200053300
51020200079495
51020200082663
51020200060701
51020200053235
51020200064653
51020200074611
51020200070023
51020200062947
51020200028096
51020200018162
51020200084230
51020200089171
51020200043301
51020200077762
51020200071138
51020200014971
51020200032080
51020200077911
51020200054142
51020200084024
51020200010094
51020200089247
51020200099170
51020200089957
51020200094999
51020200048177
51020200066112
51020200095699
51020200070155
51020200072847
51020200081343
51020200082085
51020200084164
51020200094841
51020200093520
51020200105753
51020200085609
51020200076772
51020200074066
51020200109490
51020200052641
51020200077242
51020200057178
51020200107189
51020200092936
51020200105753
51020200098305
51020200096283
51020200094908
51020200111694
51020200108112
51020200087787
51020200046965
51020200112643
51020200077606
51020200107320
51020200093843
51020200094080
51020200093751
51020200093686
51020200097752
51020200099022
51020200113237
51020200063176
51020200093520
51020200051023
51020200033906
51020200098321
51020200113351
51020200113559
51020200081772
51020200054084
51020200115158
51020200098941
51020200119580
51020200109920
51020200062616
51020200013627
51020200115844
51020200114599
51020200120018
51020200114557
51020200026314
51020200110993
51020200106611
51020200095541
51020200103352
51020200030282
51020200125959
51020200121917
51020200097620
51020200071427
51020200111504
51020200117006
51020200113534
51020200119390
51020200120554
51020200115497
51020200077242
51020200110993
51020200125835
51020200099683
51020200126163
51020200065890
51020200113542
51020200087316
51020200068860