51020200055040
51020200054142
51020200055453
51020200032080
51020200045660
51020200040794
51020200053300
51020200037949
51020200043301
51020200063978
51020300000508
51020200064950
51020200053235
51020200065023
51020200050181
51020200054084
51020200059497
51020200049373
51020200077911
51020200066336
51020200072847
51020200071138
51020200030183
51020200055495
51020200065494
51020200060701
51020200007462
51020200064653
51020200062335
51020200056303
51020200079644
51020200049654
51020200057806
51020200018162
51020200010094
51020200037824
51020200077762
51020200084230
51020200048524
51020200083356
51020200063176
51020200085484
51020200083034
51020200084024
51020200074611
51020200079495
51020200040323
51020200087381
51020200070023
51020300000375
51020200014971
51020200081343
51020200062947
51020200085179
51020200056170
51020200061972
51020200082663
51020200028096
51020200085492
51020200089171
51020200088587
51020200090294
51020200094445
51020200089247
51020200089957
51020200094908
51020200099170
51020200094999
51020200048177
51020200066112
51020200095699
51020200070155
51020200082085
51020200084164
51020200087316
51020200077242
51020200077242
51020200057178
51020200107189
51020200092936
51020200098305
51020200094841
51020200108112
51020200093520
51020200105753
51020200085609
51020200076772
51020200093520
51020200074066
51020200109490
51020200052641
51020200105753
51020200096283
51020200111694
51020200087787
51020200046965
51020200112643
51020200077606
51020200107320
51020200093843
51020200094080
51020200093751
51020200093686
51020200097752
51020200109201
51020200113351
51020200013627
51020200135404
51020200099022
51020200113237
51020200051023
51020200033906
51020200098321
51020200113559
51020200081772
51020200119390
51020200115158
51020200098941
51020200115497
51020200119580
51020200109920
51020200062616
51020200115844
51020200114599
51020200120018
51020200114557
51020200106611
51020200120554
51020200026314
51020200110993
51020200103352
51020200110993
51020200125835
51020200095541
51020200030282
51020200125959
51020200121917
51020200097620
51020200071427
51020200068860
51020200099683
51020200113534
51020200119846
51020200111504
51020200126163
51020200065890
51020200113542
51020200129001
51020200127658
51020200125355
51020200126973
51020200123137
51020300002173
51020200129688
51020200119903
51020200047138
51020200107841
51020200127245
51020200126577
51020200125330
51020200055834
51020200050223
51020200107569
51020200121917
51020200041248
51020200127005
51020200099303
51020200132161
51020200132823
51020200131270
51020200060644
51020200127039
51020200128490
51020200102198
51020200133128
51020200132732
51020200131437
51020200128680
51020200127534
51020200130330
51020200129068
51020200108781
51020200125348
51020200133078
51020200132187
51020200133540
51020200127856
51020200051734
51020200078844
51020200126957
51020200082747
51020200128193
51020200135305
51020200126916
51020200105308
51020200131387
51020200129712
51020200125983
51020200131577
51020200135081
51020200130959
51020200133698
51020200131940
51020200134837
51020200099550
51020200137228
51020200136964
51020200120521
51020200119275
51020200093249
51020200128292
51020200026520
51020200127294
51020200140347
51020200142392
51020200132344
51020200137764
51020200132948
51020200135149
51020200135156
51020200133094
51020200133847
51020200075774
51020200137244
51020200117766
51020200140263
51020200131395
51020200105241
51020200112916
51020200142681
51020200146567
51020200145668
51020200135297
51020200141774
51020200127575
51020200126064
51020200070817
51020200149322
51020200135651
51020200129944
51020200151625
51020200134977
51020200094528
51020200150320
51020200108450
51020200147987
51020200153118
51020200038236
51020200148001
51020200151864
51020200088074
51020200145924
51020200148092
51020200127286
51020200136394
51020200114946
51020200145411
51020200096150
51020200081137
51020200017586
51020200154660
51020200154074
51020200118996
51020200147193
51020200149629
51020200140313
51020200137541
51020200155170
51020200119127
51020200140677
51020200147623
51020200149876
51020200076970
51020200148092
51020200134936
51020200009708
51020200150395
51020400000010
51020200002232
51020200119549
51020200127005
51020200024871
51020200147128
51020200142558
51020200156145
51020200113104
51020200090377
51020200148092
51020200109011
51020200152722
51020200142467
51020200154389
51020200141048
51020200113161
51020200072219
51020200104558
51020200140990
51020300003627
51020200138713
51020200029581
51020200155030
51020200155345
51020200123715
51020200009088
51020200147920
51020200156319
51020200125371
51020200136840
51020200154512
51020200075774
51020200144851
51020200125660
51020200143721
51020200159248
51020200152920
51020200130272
51020200090856
51020200154108
51020200082697
51020200088116
51020200142889
51020200134985
51020200152631
51020200144661
51020200153746
51020300003270
51020300002470
51020200161731
51020200161673
51020200159511
51020200023535
51020200084578
51020200128367
51020300003478
51020200142681
51020200145668
51020200146567
51020200148779
51020200158000
51020200139885
51020200164594
51020200159354
51020400000432
51020200166748
51020200092076
51020200135453
51020200162671
51020200145627
51020200089114
51020200167738
51020200161772
51020200157275
51020200147631
51020200166060
51020200165740
51020200156087
51020200160535
51020200146732
51020200152995
51020200147961
51020200163703
51020200158638
51020200166631
51020200169353
51020200133086
51020200152433
51020200082416
51020200168454
51020200169288
51020200119564
51020200168330
51020200090930
51020200135685
51020200119341
51020300001589
51020200170724
51020200165849
51020200169262
51020200173397
51020200138135
51020200164370
51020200169700
51020200078836
51020200169239
51020200170898
51020200160279
51020200149579
51020200139190
51020200170864
51020200169106
51020200174130
51020400001851
51020200062061
51020200010326
51020200122196
51020200151591
51020200058952
51020200172696
51020200161178
51020200147946
51020200090229
51020200173777
51020200103592
51020200171490
51020200014971
51020200171979
51020200167506
51020200164644
51020200174965
51020400001463
51020200083067
51020200148357
51020200169676
51020200170781
51020200164545
51020200107726
51020200176903
51020200175228
51020200157069
51020200029458
51020200071740
51020200128680
51020200161301
51020200169593
51020200174874
51020200169742
51020200110480
51020200092456
51020200145619
51020200139158
51020200140388
51020200175848
51020400003048
51020200175764
51020200126635
51020200171656
51020200180202
51020400001802
51020200170278
51020200132419
51020200177612
51020200141832
51020200141972
51020200064570
51020200170633
51020200152086
51020200080576
51020200168157
51020200058358
51020200016984
51020200183677
51020200047088
51020200120034
51020200161541
51020200168090
51020200156236
51020200177612
51020200185953
51020200179147
51020200185755
51020200180327
51020200176309
51020200128714
51020200152771
51020200177356
51020200176176
51020200131767
51020200180434
51020200177612
51020200172530
51020200132179
51020200185177
51020200131619
51020200177414
51020200152516
51020200155519
51020200049795
51020200094122
51020200134951
51020200156830
51020200019061
51020200141287
51020200186704
51020200189989
51020200184527
51020200139661
51020200179329
51020200189344
51020200176861
51020200140685
51020200060016
51020200065692
51020200141832
51020200155931
51020200187264
51020200106348
51020200151120
51020200096614
51020200173124
51020200140933
51020200187637
51020200094528
51020200076541
51020200163216
51020200181275
51020200152771
51020200153134
51020200191159
51020200138275
51020400003261
51020200142376
51020200148050
51020200148050
51020200192165
51020200193775
51020200187538
51020400000424
51020200135651
51020200152169
51020200190482
51020200158844
51020200193866
51020200079040
51020200116396
51020200187751
51020200195762
51020200194245
51020200190607
51020200194880
51020200186852
51020400000648
51020200012140
51020200190813
51020200196240
51020200150510
51020200191316
51020200185359
51020200178982
51020200192637
51020200187108
51020200192421
51020200193189
51020200194609
51020200187330
51020200193924
51020200093389
51020200193189
51020200193189
51020200096077
51020200186670
51020200188478
51020200047203
51020200178552
51020200156392
51020200190482
51020200190110
51020200089288
51020200098644
51020200191647
51020200190839
51020200189500
51020200196539
51020200112361
51020200195622
51020200172597
51020400003170
51020200194914
51020200117782
51020200170997
51020200109870
51020200193742
51020200024145
51020200196257
51020200191845
51020200190243
51020200087365
51020200196588
51020200197891
51020200201149
51020200178412
51020200192082
51020200186480
51020200196695
51020200180657
51020200195879
51020200170112
51020200095178
51020200175533
51020200139158
51020200185342
51020200196117
51020200199871
51020200198204
51020200180087
51020200197800
51020200196497
51020200147342
51020200194310
51020400004947
51020200201396
51020200159628
51020200140388
51020200199822
51020200163216
51020200199541
51020200203020
51020200200901
51020200206197
51020200193981
51020200209258
51020200205181
51020200008916
51020200199335
51020200034003
51020200195291
51020200205421
51020200165476
51020200205181
51020200188775
51020200208656
51020200201487
51020200205777
51020200207435
51020200207773
51020200194260
51020200207286
51020200205736
51020200203541
51020200207773
51020200138457
51020400006215
51020200189823
51020200209928
51020400000663
51020200190300
51020200127278
51020200213920
51020200201669
51020200156319
51020200190698
51020200110167
51020200176200
51020200126502
51020200204747
51020200203848
51020400001141
51020200159032
51020200141246
51020200125124
51020200206502
51020200214563
51020200164784
51020200186951
51020200214183
51020200059265
51020200188494
51020200219737
51020200199020
51020200013916
51020200023808
51020200159917
51020200212039
51020200206163
51020200192371
51020200057426
51020200200497
51020200219620
51020200192314
51020200148100
51020200194971
51020200180079
51020200220883
51020200225551
51020400000994
51020200223531
51020200200646
51020200204267
51020200214589
51020200164644
51020200099519
51020200213920
51020200207393
51020200132617
51020200179444
51020200021315
51020200029243
51020200064653
51020300007420
51020200049647
51020200030274
51020200208557
51020300000235
51020200089114
51020200214068
51020200161244
51020200029466
51020300000516
51020200117345
51020200178123
51020200153720
51020200186670
51020200220123
51020300007404
51020200159792
51020300005044
51020200189914
51020200194799
51020200206130
51020200208904
51020200188494
51020200013916
51020200144000
51020200193189
51020400006116
51020200136840
51020200082606
51020200221667
51020200195093
51020200211924
51020200132278
51020200139141
51020200117345
51020400001166
51020200215149
51020200114722
51020200223887
51020200190060
51020200205777
51020200212484
51020200064653
51020200107627
51020200190839
51020200205975
51020200180459
51020200148100
51020200148050
51020200170807
51020200081012
51020200182042
51020200017651
51020200164784
51020200187975
51020200125546
51020200067136
51020200170807
51020400002974
51020200200646
51020400003055
51020200165658
51020200200901
51020200169056
51020200201230
51020200142228
51020200061675
51020200190037
51020200202899
51020200208433
51020200215081
51020200092993
51020200218572
51020200153720
51020200180079
51020200159354
51020200196430
51020200214035 
51020200164784 
51020200199871
51020300008071
51020200069579
51020400000796
51020200192496
51020200223143
51020200209878
51020200222699
51020200221030
51020200197024
51020200155501
51020200146468
51020400008286
51020200193494
51020200141972
51020200127328
51020200152029
51020200211049
51020200163448
51020200187397
51020200047732
51020200232458
51020200231427
51020200233118
51020200106215
51020200023725
51020400009201
51020200220016
51020200174023
51020200193676
51020100000021
51020200142749
51020200208433
51020200203442
51020200037485
51020200229348
51020200148969
51020200160253
51020200161905
51020200120927
51020200064562
51020200216972
51020300007800
51020200204002
51020200235238
51020400000770
51020200161178
51020200145965
51020200223952
51020200210116
51020200136659
51020200163711
51020200201586
51020200208540
51020400003055
51020200159982
51020200132153
51020200111934
51020300007842
51020200193775
51020400009839
51020200162077
51020200213268
51020200223242
51020200224240
51020200221238
51020200223374
51020200055503
51020200097513
51020200220032
51020200171623
51020200094841
51020200222657
51020400000879
51020200235444
51020200227029
51020200208854
51020200206130
51020200058358
51020200229447
51020200015879
51020200204408
51020200200331
51020200087928
51020200235360
51020200117345
51020300007966
51020200116800
51020200106918
51020200221535
51020200141691
51020200217798
51020200219901
51020200206387
51020200144505
51020200232607
51020200131999
51020200233605
51020200223952
51020200151765
51020200219901
51020200142145
51020200137780
51020200219315
51020300006091
51020200231286
51020200095780
51020200098982
51020200141766
51020200108666
51020200232151
51020200147615
51020200208904
51020200108765
51020200205462
51020200203020
51020300005366
51020200231922
51020400006835
51020200219901
51020200107569
51020200139356
51020200209985
51020200238786
51020200231070
51020200025076
51020200100291
51020200025076
51020200237499
51020200120034
51020200183248
51020200227029
51020200224059
51020200162838
51020200240642
51020200194880
51020200145619
51020300004591
51020200215024
51020200019442
51020200207724
51020400006942
51020200241640
51020200210033
51020200231658
51020400006181
51020200025076
51020200137830
51020200220610
51020200161178
51020200144000
51020400005696
51020200239297
51020300004021
51020200223564
51020200224240
51020200195952
51020200187199
51020400004509
51020300004369
51020200040505
51020400005977
51020200108666
51020200137780
51020200228712
51020200222657
51020200220107
51020200175566
51020200232961
51020200045660
51020200221097
51020200201669
51020200109490
51020200045660
51020200061543
51020200021786
51020200030720
51020200205777
51020200235600
51020200167480
51020300007834
51020200121586
51020200121081
51020200099006
51020200007694
51020200057442
51020200128623
51020200206239
51020200114185
51020200200331
51020200233597
51020200051973
51020200133763
51020200143861
51020200091144
51020200219315
51020200044895
51020200166086
51020200170278
51020200220610
51020200203731
51020200235097
51020200125231
51020200239875
51020200242432
51020200243315
51020200215412
51020200236046
51020200200729
51020200242481
51020200222731
51020200244768
51020200138457
51020200231377
51020200240055
51020200011969
51020400010183
51020400011470
51020200238224
51020200241020
51020200247241
51020200249924
51020200249643
51020200213920
51020200198881
51020200176457
51020200091524
51020200235600
51020200184840
51020200215412
51020300006422
51020300004021
51020200065593
51020300008204
51020200197701
51020200139935
51020300008568
51020200172068
51020200213649
51020200234223
51020200246540
51020200215743
51020300004328
51020200168561
51020200203384
51020200162739
51020200216386
51020200213839
51020200164669
51020200249239
51020200083711
51020300006810
51020200248157
51020200232938
51020300008949
51020200242911
51020200096101
51020200186464
51020200208938
51020200235626
51020200233092
51020200021018
51020200219687
51020200243034
51020200233050
51020200072995
51020200240741
51020200135719
51020200236335
51020200135156
51020200107569
51020200246938
51020200240493
51020200042634
51020200223911
51020200234926
51020200134035
51020200042634
51020200232029
51020200236004
51020200178982
51020200147698
51020200138457
51020200094957
51020200213698
51020200196257
51020300007057
51020200257562
51020200177877
51020200211981
51020200098297
51020200187181
51020200003644
51020200245930
51020200103618
51020200104913
51020200237499
51020200194211
51020200092720
51020200177034
51020200013189
51020200233712
51020200229710
51020200013338
51020300001936
51020200193924
51020200256879
51020200096994
51020400000473
51020200245609
51020200252241
51020200174213