51020200000251
51020200000384
51020200000392
51020200000459
51020200000467
51020200000632
51020200000640
51020200000749
51020200000889
51020200000939
51020200001184
51020200001192
51020300000037
51020200001259
51020200001358
51020200001390
51020200001770
51020200001846
51020200001978
51020200002018
51020200002034
51020200002075
51020200002141
51020200002182
51020200002240
51020200002281
51020200002380
51020200002547
51020200002794
51020300000094
51020300000102
51020200002893
51020200002968
51020200003065
51020200003198
51020200003214
51020200003289
51020200003313
51020200003339
51020200003404
51020200003545
51020200003669
51020200003677
51020200003685
51020200003750
51020200003800
51020200003859
51020200003958
51020200004006
51020200004030
51020200004055
51020200004071
51020200004139
51020200004295
51020200004758
51020200004873
51020200004915
51020200005078
51020200005193
51020200005268
51020200005342
51020200005557
51020200005623
51020200005722
51020200005821
51020300000243
51020200005953
51020200006092
51020200006118
51020200006225
51020200006233
51020200006266
51020200006316
51020200006415
51020200006746
51020200006837
51020200006951
51020200006977
51020200007041
51020200007108
51020200007165
51020200007280
51020200007462
51020200007512
51020300000318
51020200007710
51020200007850
51020200007868
51020200008098
51020200008205
51020200008247
51020300000367
51020200008643
51020200008668
51020200008767
51020200008833
51020200008981
51020200009005
51020200009161
51020200009179
51020300000375
51020200009377
51020200009401
51020200009476
51020200009765
51020200009955
51020200009963
51020300000433
51020200010458
51020200010482
51020200010508
51020200010565
51020200010573
51020200010672
51020200010839
51020200010888
51020200010896
51020200010953
51020200011225
51020200011290
51020200011407
51020200011415
51020200011936
51020200012025
51020200012090
51020200012546
51020200012587
51020200012678
51020200012686
51020200013122
51020200013270
51020200013429
51020200013551
51020200013627
51020200013650
51020200013734
51020200013791
51020200013817
51020200013981
51020200014112
51020200014195
51020200014203
51020200014328
51020200014393
51020200014401
51020200014567
51020200014617
51020200014757
51020200014880
51020200014948
51020200014997
51020200015077
51020200015358
51020200015465
51020200015523
51020200015556
51020200015705
51020200015754
51020200015770
51020200015812
51020200015861
51020200015903
51020200015994
51020200016034
51020200016182
51020200016190
51020200016240
51020200016364
51020200016422
51020200016596
51020200016612
51020200016653
51020200016794
51020200016810
51020200016919
51020200016943
51020200016984
51020200017081
51020200017115
51020200017123
51020200017149
51020200017180
51020200017230
51020200017248
51020200017370
51020200017404
51020200017537
51020200017552
51020200017750
51020200017859
51020200017925
51020200017941
51020200017958
51020200018022
51020200018071
51020200018162
51020200018360
51020200018436
51020200018519
51020200018527
51020200018618
51020200018626
51020200018667
51020200018907
51020200019178
51020200019244
51020200019350
51020200019467
51020200019483
51020200019525
51020200019616
51020200019624
51020200019632
51020200019731
51020200019780
51020200020085
51020200020143
51020200020168
51020200020192
51020200020275
51020200020382
51020200020515
51020200020572
51020200020853
51020200020929
51020200021141
51020200021570
51020200021620
51020200021745
51020200022156
51020200022354
51020200022396
51020200022628
51020200022693
51020200022750
51020200022966
51020200023022
51020200023030
51020200023089
51020200023170
51020200023220
51020200023238
51020200023279
51020200023675
51020200023881
51020200024020
51020200015143
51020200024236
51020200024491
51020200024673
51020200004543
51020200025258
51020200025282
51020200025365
51020200025381
51020300000813
51020200025761
51020200026108
51020200026181
51020200026272
51020200026298
51020200026314
51020200026348
51020200026686
51020200026702
51020200026710
51020200026769
51020200026843
51020200026892
51020200026959
51020200027049
51020200027056
51020200027197
51020200027221
51020200027403
51020200027452
51020300000854
51020200027742
51020200027767
51020200028112
51020200028138
51020200028195
51020200028294
51020200028310
51020200028500
51020200028542
51020200028690
51020200028831
51020300000888
51020200029136
51020200029177
51020200029201
51020200029219
51020200029425
51020200029540
51020200029599
51020200029680
51020200029896
51020200029946
51020200030035
51020200030241
51020200030340
51020200030530
51020200030563
51020200030613
51020200030993
51020200031173
51020200031645
51020200031728
51020200031975
51020200006498
51020200032387
51020200032478
51020200032577
51020200032957
51020200033021
51020200033187
51020200033377
51020200033443
51020200033591
51020200033617
51020200033906
51020200034037
51020200034045
51020200034177
51020200034227
51020200034300
51020200034318
51020200034458
51020200034508
51020200034607
51020200034672
51020200034748
51020200034854
51020200034904
51020200034953
51020200035083
51020200035091
51020200035273
51020200009880
51020200035364
51020200035539
51020200035653
51020200035695
51020200035968
51020200036073
51020200036271
51020200036420
51020200036495
51020200036586
51020200036644
51020200036727
51020200036776
51020200036859
51020200036925
51020200036974
51020200037006
51020200037022
51020200037048
51020200037089
51020200037139
51020200037329
51020200037337
51020200037535
51020200037618
51020200037824
51020200037915
51020200038038
51020200038251
51020200038301
51020200038343
51020200038475
51020200038491
51020200038558
51020200038566
51020200038699
51020200039093
51020200039184
51020200039333
51020200039382
51020200034730
51020200039481
51020200039499
51020200039523
51020200039531
51020200039564
51020200039614
51020200039648
51020200039655
51020200039705
51020200039754
51020200039762
51020200039861
51020200039903
51020200040067
51020200040141
51020200040174
51020200040216
51020200040414
51020200040489
51020200040588
51020200040968
51020200041040
51020200041149
51020200041248
51020200041339
51020200041354
51020200041511
51020200042071
51020200042238
51020200042303
51020200042352
51020200042386
51020200042394
51020200042436
51020200042675
51020200043012
51020200043160
51020200043186
51020200043236
51020200043251
51020200043301
51020200043533
51020200043582
51020200043780
51020200043863
51020200043905
51020200043970
51020200044101
51020200044127
51020200044614
51020200044697
51020200044846
51020200044903
51020200044960
51020200045041
51020200045058
51020200045140
51020200045215
51020200045561
51020200045579
51020200045603
51020200045710
51020200045769
51020200045819
51020200046064
51020200046155
51020200046197
51020200046288
51020200046320
51020200046361
51020200046452
51020200046494
51020200035232
51020200046767
51020200046841
51020200046916
51020200046999
51020200047088
51020200047138
51020200047179
51020200047260
51020200047278
51020200047328
51020200023923
51020200048037
51020200048094
51020200048177
51020200048227
51020200048375
51020200048508
51020200048524
51020200048607
51020200048805
51020200048821
51020200048979
51020200049027
51020200049266
51020200049274
51020200049340
51020200047039
51020200049613
51020200049860
51020200049928
51020200050009
51020200050066
51020200050090
51020200050314
51020200050405
51020200050462
51020200050678
51020200050900
51020200051080
51020200051213
51020200051221
51020200051247
51020200051296
51020200051379
51020200051395
51020200051486
51020200051544
51020200051635
51020200051692
51020200051726
51020200051759
51020200051791
51020200051874
51020200051957
51020200051965
51020200052146
51020200052187
51020200052229
51020200052351
51020200052567
51020200052641
51020300000979
51020200052823
51020200052898
51020200053078
51020200053318
51020200053441
51020200035919
51020200053607
51020200053672
51020200053763
51020200053904
51020200053979
51020200054043
51020200054084
51020200054118
51020200054308
51020200054365
51020200054407
51020200054431
51020200054514
51020200054597
51020200054613
51020200054779
51020200055222
51020200055313
51020200055370
51020200055495
51020200055537
51020200055545
51020300001001
51020200055586
51020200055743
51020200055883
51020200055925
51020200056097
51020200056154
51020200056162
51020200039085
51020300001019
51020200056386
51020200056477
51020200056519
51020200056527
51020200056568
51020200056576
51020200056642
51020200056857
51020200056915
51020200057178
51020200057368
51020200057749
51020200057806
51020200057871
51020200057889
51020200057939
51020200058028
51020200058036
51020200058150
51020200058234
51020200058358
51020200058564
51020200058606
51020200058770
51020200058853
51020200058895
51020200059208
51020200059257
51020200059281
51020200059299
51020200059414
51020200059463
51020200059646
51020200059794
51020200059810
51020200060024
51020200060081
51020200060164
51020200060206
51020200060354
51020200060453
51020200060644
51020200060701
51020200060768
51020200061188
51020200061659
51020200061675
51020200061683
51020200061766
51020200061774
51020200061808
51020200061899
51020200061907
51020200061972
51020200062103
51020200062186
51020200062277
51020200062400
51020200062533
51020200062608
51020200062921
51020200062947
51020200063002
51020200063093
51020200048912
51020200063176
51020200063291
51020200063564
51020200063580
51020200063739
51020200063762
51020200057335
51020200063804
51020200064133
51020200064232
51020200064281
51020200064653
51020200064711
51020200064810
51020200064836
51020200064950
51020200065056
51020200065197
51020200065239
51020200065270
51020200065296
51020200058804
51020200065312
51020200065411
51020200065494
51020200065510
51020200065619
51020200065700
51020200065890
51020200065957
51020200066088
51020200066112
51020200066245
51020200066336
51020200066351
51020200066542
51020200066815
51020200066971
51020200067102
51020200067128
51020200067177
51020200067193
51020200061543
51020200067276
51020200067409
51020200067474
51020200067508
51020200067698
51020200067821
51020200067870
51020200067946
51020200068068
51020200068126
51020200068324
51020200068480
51020200068712
51020200068720
51020200068746
51020200069017
51020200069033
51020200069066
51020200069199
51020200069298
51020200069330
51020200069470
51020200069520
51020200069595
51020200069629
51020200069686
51020200069876
51020200069983
51020200070056
51020200070155
51020200070239
51020200070361
51020200070692
51020200070759
51020200070791
51020200070890
51020200070940
51020200071385
51020200071443
51020200064323
51020200072151
51020200060511
51020200072474
51020200072847
51020200072888
51020200072904
51020200073043
51020200073373
51020200073506
51020200074066
51020200074371
51020200074454
51020200074611
51020200074736
51020200074967
51020200075014
51020200075337
51020200075709
51020200075816
51020200075964
51020300001118
51020200021042
51020200076558
51020200076640
51020200076707
51020200076715
51020200076772
51020200077242
51020200077499
51020200077523
51020200077606
51020200077648
51020200077762
51020200077911
51020200078109
51020200078174
51020200018162
51020200069348
51020200065577
51020200084412
51020200071393
51020200004865
51020200085682
51020200085963
51020300001811
51020200086789
51020200021471
51020200062616
51020200049183
51020200056204
51020200076426
51020200018998
51020200099881
51020200043277
51020200116271
51020200116511
51020200117196
51020200117345
51020200117832
51020200117915
51020300002876
51020200118327
51020200118376
51020200118558
51020200118871
51020200118962
51020200119069
51020200119390
51020200119515
51020200119960
51020200120000
51020200120018
51020200120349
51020200125199
51020200080626
51020200080774
51020200080790
51020200080873
51020200081350
51020200082077
51020200082085
51020200082226
51020200082234
51020200082341
51020200082374
51020200082598
51020200082663
51020300001209
51020200082879
51020200083075
51020200083091
51020300001399
51020300001423
51020200083331
51020200083356
51020200083380
51020200083968
51020200084164
51020300001480
51020200084230
51020200084248
51020200084255
51020200084362
51020200084776
51020300001548
51020200085260
51020200085484
51020300001647
51020200085492
51020200082697
51020200086078
51020200086896
51020200086979
51020300001886
51020200087308
51020200087316
51020200087381
51020200087456
51020200087688
51020200087761
51020200087852
51020200088108
51020200088439
51020200088546
51020200088561
51020200088587
51020200088660
51020200088686
51020200088710
51020200088736
51020300002108
51020200088900
51020200089072
51020200089171
51020200089312
51020200089429
51020200089619
51020200089676
51020200089858
51020200089957
51020300002173
51020200090294
51020200090336
51020200090484
51020200090682
51020200090732
51020200090831
51020200090971
51020200091151
51020200091284
51020200091334
51020200091383
51020200091409
51020200091490
51020200091516
51020200091607
51020200091730
51020300001977
51020200092332
51020200092357
51020200092365
51020200092480
51020200092621
51020200092647
51020200092670
51020200092761
51020200092977
51020200093124
51020200093421
51020200093520
51020300002397
51020200093546
51020200093686
51020200093751
51020200093843
51020200094080
51020200094049
51020200094205
51020200094445
51020200094494
51020200094551
51020200094635
51020200094825
51020200094999
51020200095087
51020200095103
51020200095244
51020200095392
51020200095541
51020200095699
51020200095798
51020200096093
51020200096127
51020200096218
51020200096283
51020200096416
51020200097034
51020200097141
51020200097315
51020200097414
51020200097604
51020200097752
51020200098222
51020200098305
51020200098446
51020200098552
51020200098586
51020200098610
51020200098941
51020200099022
51020200099089
51020200099170
51020200099212
51020200099352
51020300002546
51020200099428
51020200099683
51020200099824
51020200100457
51020200100655
51020200101000
51020200101042
51020200101109
51020200101364
51020200101448
51020200101588
51020200101778
51020200101794
51020200101976
51020200102008
51020200102081
51020200102198
51020200102362
51020200102370
51020200102453
51020200102784
51020200102933
51020200103279
51020200103287
51020200103352
51020200103584
51020200103675
51020200103840
51020200104004
51020300002694
51020200104509
51020200105100
51020200105233
51020200105324
51020200105415
51020200105613
51020200105654
51020200106066
51020200106074
51020200106082
51020200106249
51020200106264
51020200106280
51020200106413
51020200106488
51020200106595
51020200107031
51020200107189
51020200107205
51020200107320
51020200107411
51020200107510
51020200107569
51020200107718
51020200107890
51020200108112
51020200108377
51020200108500
51020200108633
51020200108765
51020200108799
51020200109045
51020200109052
51020200109094
51020200109110
51020200109177
51020200109201
51020200109219
51020200109300
51020200109375
51020200109490
51020200109508
51020200109607
51020200109797
51020200109839
51020200109888
51020200109920
51020200109995
51020200110159
51020200110167
51020200110217
51020200110548
51020200110605
51020200110910
51020200110993
51020200111082
51020200111173
51020200111231
51020200111462
51020200111504
51020200111603
51020200111694
51020200111744
51020200111850
51020200112452
51020200112510
51020200112643
51020200112759
51020200113138
51020200113237
51020300002835
51020200113351
51020200113534
51020200113559
51020200113732
51020200113823
51020200114029
51020200114235
51020200114490
51020200114557
51020200114599
51020200114664
51020200115158
51020200115240
51020200115356
51020200115471
51020200115497
51020200115786
51020200115844
51020200115893
51020200116552
51020200117006
51020200117980
51020200119580
51020200120554
51020200103261
51020200121099
51020200121123
51020200121149
51020200121271
51020200121446
51020200121545
51020200121644
51020200121842
51020200121867
51020200121917
51020200121958
51020200122378
51020200123137
51020200123236
51020200123400
51020200123525
51020200123608
51020200123897
51020200123905
51020200124267
51020200124358
51020200124556
51020200124721
51020200124812
51020200124838
51020200125330
51020200125355
51020300002991
51020200125959
51020200125983
51020200126163
51020200126247
51020200126486
51020200126502
51020200126494
51020200126577
51020200126650
51020200126932
51020200126973
51020200126999
51020200127039
51020200127054
51020200127070
51020200127203
51020200127245
51020200127716
51020200127732
51020200128235
51020200128466
51020200128490
51020200128565
51020200128722
51020200128920
51020200129001
51020200129688
51020200130579
51020200130587
51020200130694
51020200131270
51020200131304
51020200131874
51020200132047
51020200132161
51020200132542
51020200132732
51020200132823
51020200132906
51020200133128
51020200133680
51020200078588
51020200078737
51020200078869
51020200078968
51020200079214
51020200079222
51020200079479
51020200079636
51020200079669
51020200079784
51020200079818
51020200080071
51020200080105
51020200080311
51020200090088
51020200099303
51020200056170
51020200068860
51020200069389
51020200071211
51020300001670
51020200105555
51020200113245
51020200028856
51020200037105
51020200106223
51020200050421
51020200062335
51020200125835
51020200053235
51020200085609
51020200086201
51020300002033
51020300002231
51020200098321
51020200116222
51020200116958
51020200118368
51020200119366
51020200119721
51020200119846
51020200119903
51020200121420
51020200121503
51020200127658
51020200127948
51020200080196
51020200088157
51020200095061
51020200101232
51020200081343
51020200083034
51020200084743
51020200084875
51020200085302
51020300001894
51020200087787
51020200090591
51020200091839
51020200094908
51020200106611
51020200107601
51020200111470
51020200113690
