51020200097752
51020200099022
51020200113237
51020200063176
51020200093520
51020200051023
51020200033906
51020200098321
51020200113351
51020200113559
51020200081772
51020200054084
51020200115158
51020200098941
51020200119580
51020200109920
51020200062616
51020200013627
51020200115844
51020200114599
51020200120018
51020200114557
51020200026314
51020200110993
51020200106611
51020200095541
51020200103352
51020200030282
51020200125959
51020200121917
51020200097620
51020200071427
51020200111504
51020200117006
51020200113534
51020200119390
51020200120554
51020200115497
51020200077242
51020200110993
51020200125835
51020200099683
51020200126163
51020200065890
51020200113542
51020200087316
51020200068860